KoNViD_1k_videos/4542323058.mp4, 8.008, 29.97002997002997, 3.22
KoNViD_1k_videos/9753414792.mp4, 8.008008, 29.97, 3.84
KoNViD_1k_videos/6935410837.mp4, 8.0, 25.0, 3.24
KoNViD_1k_videos/8171831850.mp4, 8.008, 29.97002997002997, 4.444029851
KoNViD_1k_videos/11465976586.mp4, 8.008008, 29.97, 3.94
KoNViD_1k_videos/4323977167.mp4, 8.008, 29.97002997002997, 3.26
KoNViD_1k_videos/7005478889.mp4, 8.008, 23.976023976023978, 2.86
KoNViD_1k_videos/6346026937.mp4, 8.008, 23.976023976023978, 2.14
KoNViD_1k_videos/10672253555.mp4, 8.008008, 29.97, 1.614785992
KoNViD_1k_videos/6812062788.mp4, 8.008, 29.97002997002997, 2.52
KoNViD_1k_videos/3930579113.mp4, 8.008, 29.97002997002997, 2.86
KoNViD_1k_videos/6981897920.mp4, 8.008, 29.97002997002997, 3.3
KoNViD_1k_videos/8957212602.mp4, 8.008008, 29.97, 3.56
KoNViD_1k_videos/4771991539.mp4, 8.0, 24.0, 3.0
KoNViD_1k_videos/8420230247.mp4, 8.008, 29.97002997002997, 3.96
KoNViD_1k_videos/4161940753.mp4, 8.0, 24.0, 3.66
KoNViD_1k_videos/8408744905.mp4, 8.008, 29.97002997002997, 3.5
KoNViD_1k_videos/13291575674.mp4, 8.008, 29.97002997002997, 2.66
KoNViD_1k_videos/7344072960.mp4, 8.0, 24.0, 2.769874477
KoNViD_1k_videos/9969637164.mp4, 8.008008, 29.97, 3.42
KoNViD_1k_videos/8688311915.mp4, 8.008, 29.97002997002997, 2.98
KoNViD_1k_videos/6929069239.mp4, 8.008, 29.97002997002997, 2.58
KoNViD_1k_videos/9248029519.mp4, 8.008008, 29.97, 2.7
KoNViD_1k_videos/3617102785.mp4, 8.008, 29.97002997002997, 3.08
KoNViD_1k_videos/9189459433.mp4, 8.0, 25.0, 2.22
KoNViD_1k_videos/3359662128.mp4, 8.008, 23.976023976023978, 3.08
KoNViD_1k_videos/6408325533.mp4, 8.008, 29.97002997002997, 1.26
KoNViD_1k_videos/5310216885.mp4, 8.008, 29.97002997002997, 2.24
KoNViD_1k_videos/9455400456.mp4, 8.0, 24.0, 2.22
KoNViD_1k_videos/7820483368.mp4, 8.008, 29.97002997002997, 2.76
KoNViD_1k_videos/4713503488.mp4, 8.008, 23.976023976023978, 3.88
KoNViD_1k_videos/6024650797.mp4, 8.008, 29.97002997002997, 2.54
KoNViD_1k_videos/8548046708.mp4, 8.008, 23.976023976023978, 3.36
KoNViD_1k_videos/8078127133.mp4, 8.008, 29.97002997002997, 2.618867925
KoNViD_1k_videos/5490599661.mp4, 8.008, 29.97002997002997, 2.88
KoNViD_1k_videos/6749780445.mp4, 8.008, 29.97002997002997, 2.02
KoNViD_1k_videos/5433352304.mp4, 8.008, 29.97002997002997, 2.22
KoNViD_1k_videos/12262452854.mp4, 8.0, 24.0, 4.24
KoNViD_1k_videos/4299787720.mp4, 8.008, 29.97002997002997, 2.849802372
KoNViD_1k_videos/4453069241.mp4, 8.008, 29.97002997002997, 2.92
KoNViD_1k_videos/4915461487.mp4, 8.0, 24.0, 2.24
KoNViD_1k_videos/7012065923.mp4, 8.008, 29.97002997002997, 3.48
KoNViD_1k_videos/4970919913.mp4, 8.0, 24.0, 2.32
KoNViD_1k_videos/5424989067.mp4, 8.008, 29.97002997002997, 2.4
KoNViD_1k_videos/3318634083.mp4, 8.008, 29.97002997002997, 2.3
KoNViD_1k_videos/8317937019.mp4, 8.008, 29.97002997002997, 2.48
KoNViD_1k_videos/8667534666.mp4, 8.008, 29.97002997002997, 4.02
KoNViD_1k_videos/6060761361.mp4, 8.008, 29.97002997002997, 3.06
KoNViD_1k_videos/4161747134.mp4, 8.008, 29.97002997002997, 3.48
KoNViD_1k_videos/8937776831.mp4, 8.008008, 29.97, 3.9
KoNViD_1k_videos/8182593817.mp4, 8.008, 29.97002997002997, 2.8
KoNViD_1k_videos/11403577283.mp4, 8.008, 23.976023976023978, 3.06
KoNViD_1k_videos/4482595368.mp4, 8.008, 29.97002997002997, 3.86
KoNViD_1k_videos/5564650233.mp4, 8.008, 29.97002997002997, 3.484251969
KoNViD_1k_videos/4626131441.mp4, 8.008, 23.976023976023978, 2.68
KoNViD_1k_videos/6100104774.mp4, 8.008, 29.97002997002997, 3.16
KoNViD_1k_videos/8088901520.mp4, 8.008, 29.97002997002997, 3.68
KoNViD_1k_videos/4557456762.mp4, 8.008, 29.97002997002997, 3.24
KoNViD_1k_videos/5622498540.mp4, 8.008, 29.97002997002997, 3.0
KoNViD_1k_videos/9086621277.mp4, 8.0, 24.0, 3.28
KoNViD_1k_videos/8097209231.mp4, 8.008, 29.97002997002997, 3.4
KoNViD_1k_videos/5263204150.mp4, 8.008, 29.97002997002997, 3.64
KoNViD_1k_videos/3407992311.mp4, 8.008, 29.97002997002997, 4.08
KoNViD_1k_videos/4472493392.mp4, 8.008, 23.976023976023978, 2.38
KoNViD_1k_videos/6350328925.mp4, 8.008, 23.976023976023978, 3.4
KoNViD_1k_videos/5512609909.mp4, 8.008, 29.97002997002997, 3.3
KoNViD_1k_videos/6047579133.mp4, 8.008, 29.97002997002997, 3.12
KoNViD_1k_videos/8592011515.mp4, 8.0, 24.0, 2.0
KoNViD_1k_videos/7834396986.mp4, 8.008, 29.97002997002997, 3.3
KoNViD_1k_videos/8554748075.mp4, 8.008, 23.976023976023978, 2.089068826
KoNViD_1k_videos/6073473868.mp4, 8.0, 24.0, 2.62
KoNViD_1k_videos/3887621073.mp4, 8.008, 29.97002997002997, 1.58
KoNViD_1k_videos/6874423527.mp4, 8.0, 24.0, 2.82
KoNViD_1k_videos/7123482247.mp4, 8.008, 23.976023976023978, 3.258064516
KoNViD_1k_videos/6008700446.mp4, 8.008, 29.97002997002997, 2.0
KoNViD_1k_videos/12816380173.mp4, 8.008, 23.976023976023978, 3.28
KoNViD_1k_videos/3504083604.mp4, 8.008, 29.97002997002997, 2.38
KoNViD_1k_videos/5962679589.mp4, 8.008, 29.97002997002997, 1.86
KoNViD_1k_videos/8236900278.mp4, 8.0, 24.0, 3.36
KoNViD_1k_videos/8909265380.mp4, 8.008008, 29.97, 2.78
KoNViD_1k_videos/3015973424.mp4, 8.008, 23.976023976023978, 3.1
KoNViD_1k_videos/8151400613.mp4, 8.008, 29.97002997002997, 2.98
KoNViD_1k_videos/6830500351.mp4, 8.008, 29.97002997002997, 2.94
KoNViD_1k_videos/6680559525.mp4, 8.008, 29.97002997002997, 3.3
KoNViD_1k_videos/5858864133.mp4, 8.008, 29.97002997002997, 2.48
KoNViD_1k_videos/7175971942.mp4, 8.008, 29.97002997002997, 2.32
KoNViD_1k_videos/3664548641.mp4, 8.0, 24.0, 3.121568627
KoNViD_1k_videos/10208239954.mp4, 8.008008, 29.97, 3.12
KoNViD_1k_videos/8773297527.mp4, 8.008008, 29.97, 3.72
KoNViD_1k_videos/8915047035.mp4, 8.008008, 29.97, 3.68
KoNViD_1k_videos/10602272313.mp4, 8.008008, 29.97, 3.1
KoNViD_1k_videos/5621374631.mp4, 8.008, 29.97002997002997, 2.52
KoNViD_1k_videos/9732912473.mp4, 8.008008, 29.97, 3.42
KoNViD_1k_videos/4991520511.mp4, 8.008, 29.97002997002997, 1.98
KoNViD_1k_videos/6811275923.mp4, 8.008, 23.976023976023978, 3.36
KoNViD_1k_videos/5169144673.mp4, 8.008, 29.97002997002997, 2.98
KoNViD_1k_videos/5790468384.mp4, 8.0, 24.0, 2.36
KoNViD_1k_videos/6571028091.mp4, 8.008, 29.97002997002997, 3.16
KoNViD_1k_videos/5920289173.mp4, 8.008, 29.97002997002997, 3.44
KoNViD_1k_videos/5032172516.mp4, 8.008, 29.97002997002997, 3.48
KoNViD_1k_videos/3715429501.mp4, 8.008, 29.97002997002997, 2.9
KoNViD_1k_videos/4970624827.mp4, 8.0, 25.0, 1.66
KoNViD_1k_videos/7521145978.mp4, 8.008, 29.97002997002997, 3.44
KoNViD_1k_videos/8479364057.mp4, 8.008, 23.976023976023978, 2.74
KoNViD_1k_videos/8148981356.mp4, 8.008, 29.97002997002997, 3.16
KoNViD_1k_videos/12567402335.mp4, 8.008008, 29.97, 1.8
KoNViD_1k_videos/8589300397.mp4, 8.008, 29.97002997002997, 3.6
KoNViD_1k_videos/10500520233.mp4, 8.008008, 29.97, 2.86
KoNViD_1k_videos/3934294391.mp4, 8.008, 29.97002997002997, 2.26
KoNViD_1k_videos/8387302863.mp4, 8.008, 29.97002997002997, 3.3
KoNViD_1k_videos/7402519316.mp4, 8.008, 29.97002997002997, 2.98
KoNViD_1k_videos/7651248048.mp4, 8.0, 24.0, 2.08
KoNViD_1k_videos/4005506137.mp4, 8.008, 23.976023976023978, 2.24
KoNViD_1k_videos/3459410764.mp4, 8.008, 29.97002997002997, 3.692946058
KoNViD_1k_videos/8039356416.mp4, 8.008, 29.97002997002997, 2.46
KoNViD_1k_videos/5698463243.mp4, 8.0, 25.0, 2.96
KoNViD_1k_videos/6865667129.mp4, 8.008, 29.97002997002997, 3.3
KoNViD_1k_videos/4956991827.mp4, 8.008, 29.97002997002997, 2.98
KoNViD_1k_videos/4879585643.mp4, 8.008, 29.97002997002997, 1.84
KoNViD_1k_videos/8267321210.mp4, 8.008, 29.97002997002997, 3.42
KoNViD_1k_videos/8240363350.mp4, 8.008, 29.97002997002997, 3.22
KoNViD_1k_videos/5590704113.mp4, 8.008, 29.97002997002997, 3.12
KoNViD_1k_videos/5045897151.mp4, 8.008, 29.97002997002997, 2.24
KoNViD_1k_videos/6178882861.mp4, 8.008, 29.97002997002997, 2.76
KoNViD_1k_videos/7068941889.mp4, 8.008, 29.97002997002997, 2.8
KoNViD_1k_videos/3459287580.mp4, 8.008, 23.976023976023978, 3.5
KoNViD_1k_videos/4593126957.mp4, 8.008, 29.97002997002997, 3.1
KoNViD_1k_videos/8562619627.mp4, 8.0, 25.0, 4.26
KoNViD_1k_videos/11540616946.mp4, 8.008008, 29.97, 4.08
KoNViD_1k_videos/4979493912.mp4, 8.008, 29.97002997002997, 3.14
KoNViD_1k_videos/12859019173.mp4, 8.008, 29.97002997002997, 3.72
KoNViD_1k_videos/5222599467.mp4, 8.008, 29.97002997002997, 2.6
KoNViD_1k_videos/6809728071.mp4, 8.008, 29.97002997002997, 3.52
KoNViD_1k_videos/5075205526.mp4, 8.0, 24.0, 3.18
KoNViD_1k_videos/6783810490.mp4, 8.008, 29.97002997002997, 1.88
KoNViD_1k_videos/8230249635.mp4, 8.008, 29.97002997002997, 2.66
KoNViD_1k_videos/8092884510.mp4, 8.0, 24.0, 2.42
KoNViD_1k_videos/8625682550.mp4, 8.0, 24.0, 1.84
KoNViD_1k_videos/8717647202.mp4, 8.0, 25.0, 3.64
KoNViD_1k_videos/3337642103.mp4, 8.008, 29.97002997002997, 3.308641975
KoNViD_1k_videos/8931854960.mp4, 8.008008, 29.97, 3.7
KoNViD_1k_videos/9459232387.mp4, 8.008008, 29.97, 3.04
KoNViD_1k_videos/4866009712.mp4, 8.008, 29.97002997002997, 2.42
KoNViD_1k_videos/8679156964.mp4, 8.0, 25.0, 3.8
KoNViD_1k_videos/8372557828.mp4, 8.008, 29.97002997002997, 2.08
KoNViD_1k_videos/8591330227.mp4, 8.0, 25.0, 2.36
KoNViD_1k_videos/6173852301.mp4, 8.008, 29.97002997002997, 2.2
KoNViD_1k_videos/5620430600.mp4, 8.008, 29.97002997002997, 2.5
KoNViD_1k_videos/12412571563.mp4, 8.008008, 29.97, 3.5
KoNViD_1k_videos/8689455432.mp4, 8.008, 29.97002997002997, 2.68
KoNViD_1k_videos/9427595515.mp4, 8.008008, 29.97, 2.06
KoNViD_1k_videos/5379891328.mp4, 8.008, 29.97002997002997, 3.5
KoNViD_1k_videos/5596033251.mp4, 8.008, 23.976023976023978, 3.66
KoNViD_1k_videos/9387089233.mp4, 8.008008, 29.97, 2.68
KoNViD_1k_videos/7547384258.mp4, 8.008, 29.97002997002997, 2.44
KoNViD_1k_videos/7708735292.mp4, 8.0, 24.0, 2.46
KoNViD_1k_videos/3533765114.mp4, 8.0, 24.0, 2.28
KoNViD_1k_videos/5280283886.mp4, 8.008, 29.97002997002997, 3.86
KoNViD_1k_videos/10655599784.mp4, 8.008008, 29.97, 3.26
KoNViD_1k_videos/3321308714.mp4, 8.008, 23.976023976023978, 3.04
KoNViD_1k_videos/6953979425.mp4, 8.008, 29.97002997002997, 3.02
KoNViD_1k_videos/4095112467.mp4, 8.008, 29.97002997002997, 2.4
KoNViD_1k_videos/9521557660.mp4, 8.0, 24.0, 3.6
KoNViD_1k_videos/5111411754.mp4, 8.008, 29.97002997002997, 2.68
KoNViD_1k_videos/5072411175.mp4, 8.0, 24.0, 2.5
KoNViD_1k_videos/3589925544.mp4, 8.0, 24.0, 3.16
KoNViD_1k_videos/7123683275.mp4, 8.0, 24.0, 2.06
KoNViD_1k_videos/7074513729.mp4, 8.008, 29.97002997002997, 1.56
KoNViD_1k_videos/12465909365.mp4, 8.008008, 29.97, 3.88
KoNViD_1k_videos/3240926995.mp4, 8.008, 29.97002997002997, 3.1484375
KoNViD_1k_videos/12952440214.mp4, 8.008, 29.97002997002997, 2.5
KoNViD_1k_videos/7236880666.mp4, 8.008, 29.97002997002997, 3.5
KoNViD_1k_videos/9144368303.mp4, 8.008008, 23.976, 2.9
KoNViD_1k_videos/10864372176.mp4, 8.008, 29.97002997002997, 3.14
KoNViD_1k_videos/7171297739.mp4, 8.008, 23.976023976023978, 2.06
KoNViD_1k_videos/3561516939.mp4, 8.008, 29.97002997002997, 2.44
KoNViD_1k_videos/4820762619.mp4, 8.008, 29.97002997002997, 2.16
KoNViD_1k_videos/6868110990.mp4, 8.008, 29.97002997002997, 3.18
KoNViD_1k_videos/7173586391.mp4, 8.008, 23.976023976023978, 2.74
KoNViD_1k_videos/4391946048.mp4, 7.5742329999999995, 29.97002997002997, 3.3
KoNViD_1k_videos/7274180028.mp4, 8.008, 23.976023976023978, 3.76
KoNViD_1k_videos/6062892973.mp4, 8.008, 29.97002997002997, 2.86
KoNViD_1k_videos/5149271412.mp4, 8.008, 29.97002997002997, 2.82
KoNViD_1k_videos/7117529219.mp4, 8.008, 29.97002997002997, 2.86
KoNViD_1k_videos/6937597827.mp4, 8.008, 29.97002997002997, 3.28
KoNViD_1k_videos/12355531285.mp4, 8.008008, 29.97, 4.22
KoNViD_1k_videos/5266562897.mp4, 8.008, 29.97002997002997, 2.56
KoNViD_1k_videos/5921571324.mp4, 8.008, 29.97002997002997, 3.24
KoNViD_1k_videos/8478531549.mp4, 8.008, 29.97002997002997, 2.3
KoNViD_1k_videos/6422437813.mp4, 8.008, 29.97002997002997, 2.46
KoNViD_1k_videos/5215773911.mp4, 8.008, 29.97002997002997, 3.54
KoNViD_1k_videos/13276560083.mp4, 8.008, 29.97002997002997, 3.2
KoNViD_1k_videos/6806699713.mp4, 8.008, 29.97002997002997, 3.76
KoNViD_1k_videos/8257892715.mp4, 8.008, 29.97002997002997, 1.98
KoNViD_1k_videos/7879889838.mp4, 8.008, 29.97002997002997, 2.76
KoNViD_1k_videos/5218188823.mp4, 8.0, 24.0, 3.0
KoNViD_1k_videos/5044148124.mp4, 8.008, 29.97002997002997, 2.18
KoNViD_1k_videos/5917982116.mp4, 8.008, 29.97002997002997, 3.84
KoNViD_1k_videos/5143368697.mp4, 8.008, 29.97002997002997, 3.1
KoNViD_1k_videos/7390590300.mp4, 8.008, 23.976023976023978, 2.28
KoNViD_1k_videos/6866970306.mp4, 8.008, 29.97002997002997, 3.32
KoNViD_1k_videos/5026138416.mp4, 8.008, 29.97002997002997, 3.22
KoNViD_1k_videos/5268797415.mp4, 8.0, 24.0, 2.44
KoNViD_1k_videos/12965735905.mp4, 8.008008, 29.97, 3.18
KoNViD_1k_videos/4800261002.mp4, 8.008, 29.97002997002997, 3.98
KoNViD_1k_videos/9513714022.mp4, 8.008008, 29.97, 3.8
KoNViD_1k_videos/7495255120.mp4, 8.008, 23.976023976023978, 2.42
KoNViD_1k_videos/5223525504.mp4, 8.008, 29.97002997002997, 3.08
KoNViD_1k_videos/10127250986.mp4, 8.008008, 29.97, 2.3
KoNViD_1k_videos/6971905222.mp4, 8.008, 29.97002997002997, 2.6
KoNViD_1k_videos/6250048696.mp4, 8.008, 29.97002997002997, 3.08
KoNViD_1k_videos/12044525214.mp4, 8.008008, 29.97, 3.0
KoNViD_1k_videos/6181812275.mp4, 8.008, 29.97002997002997, 3.06
KoNViD_1k_videos/10716218856.mp4, 8.008008, 23.976, 2.06
KoNViD_1k_videos/6724048499.mp4, 8.008, 29.97002997002997, 2.56
KoNViD_1k_videos/12379836133.mp4, 8.0, 25.0, 4.24
KoNViD_1k_videos/4877128768.mp4, 8.008, 29.97002997002997, 3.42
KoNViD_1k_videos/10609570083.mp4, 8.008008, 29.97, 3.1
KoNViD_1k_videos/5319047612.mp4, 8.008, 29.97002997002997, 1.346863469
KoNViD_1k_videos/9000209228.mp4, 8.0, 25.0, 2.1
KoNViD_1k_videos/12923454185.mp4, 8.008, 29.97002997002997, 2.88
KoNViD_1k_videos/6868246166.mp4, 8.0, 24.0, 2.68
KoNViD_1k_videos/4397381332.mp4, 8.008, 29.97002997002997, 3.56
KoNViD_1k_videos/7381539666.mp4, 8.008, 29.97002997002997, 2.86
KoNViD_1k_videos/4971091773.mp4, 8.0, 24.0, 2.9
KoNViD_1k_videos/4655662252.mp4, 8.008, 29.97002997002997, 3.94
KoNViD_1k_videos/5947649803.mp4, 8.008, 29.97002997002997, 3.42
KoNViD_1k_videos/4375496636.mp4, 8.008, 29.97002997002997, 3.6
KoNViD_1k_videos/4980230630.mp4, 8.008, 29.97002997002997, 3.72
KoNViD_1k_videos/8140107150.mp4, 8.0, 24.0, 2.4
KoNViD_1k_videos/8017059368.mp4, 8.008, 29.97002997002997, 1.907172996
KoNViD_1k_videos/5118641893.mp4, 8.0, 24.0, 2.76
KoNViD_1k_videos/7313643370.mp4, 8.008, 29.97002997002997, 3.68
KoNViD_1k_videos/5542380796.mp4, 7.708333, 24.0, 1.72
KoNViD_1k_videos/4565232312.mp4, 8.008, 29.97002997002997, 2.64
KoNViD_1k_videos/4573266245.mp4, 8.008, 29.97002997002997, 2.58
KoNViD_1k_videos/4959664675.mp4, 8.0, 24.0, 2.06
KoNViD_1k_videos/6370967061.mp4, 8.0, 24.0, 2.2
KoNViD_1k_videos/7954124226.mp4, 8.008, 29.97002997002997, 3.8
KoNViD_1k_videos/6096480589.mp4, 8.008, 29.97002997002997, 2.4
KoNViD_1k_videos/8069024908.mp4, 8.008, 29.97002997002997, 2.12
KoNViD_1k_videos/6971190423.mp4, 8.008, 29.97002997002997, 3.82
KoNViD_1k_videos/4477789338.mp4, 8.0, 24.0, 2.72
KoNViD_1k_videos/9258419063.mp4, 8.0, 25.0, 3.74
KoNViD_1k_videos/8657921837.mp4, 8.0, 24.0, 4.3
KoNViD_1k_videos/8477990214.mp4, 8.0, 24.0, 2.1
KoNViD_1k_videos/7978973307.mp4, 8.008, 29.97002997002997, 1.78
KoNViD_1k_videos/13079468475.mp4, 8.008008, 29.97, 3.68
KoNViD_1k_videos/5694745216.mp4, 8.0, 24.0, 2.66
KoNViD_1k_videos/8495275628.mp4, 8.008, 29.97002997002997, 3.48
KoNViD_1k_videos/9765162404.mp4, 8.008008, 29.97, 2.08
KoNViD_1k_videos/4642629203.mp4, 8.008, 23.976023976023978, 3.52
KoNViD_1k_videos/10270536464.mp4, 8.008008, 29.97, 3.42
KoNViD_1k_videos/4914377539.mp4, 8.008, 29.97002997002997, 2.2
KoNViD_1k_videos/5493602442.mp4, 8.0, 24.0, 2.5
KoNViD_1k_videos/5737374844.mp4, 8.0, 24.0, 3.0
KoNViD_1k_videos/8072548302.mp4, 8.008, 29.97002997002997, 3.02
KoNViD_1k_videos/3357588876.mp4, 8.0, 25.0, 2.96
KoNViD_1k_videos/6932519097.mp4, 8.008, 29.97002997002997, 3.12
KoNViD_1k_videos/4615948555.mp4, 8.008, 23.976023976023978, 3.02
KoNViD_1k_videos/7146539585.mp4, 8.008, 29.97002997002997, 3.4
KoNViD_1k_videos/5322533709.mp4, 8.008, 29.97002997002997, 2.76
KoNViD_1k_videos/5823644068.mp4, 8.0, 24.0, 2.9
KoNViD_1k_videos/12758594775.mp4, 8.008, 29.97002997002997, 2.94
KoNViD_1k_videos/7246583832.mp4, 8.0, 24.0, 2.86
KoNViD_1k_videos/5995204968.mp4, 8.008, 29.97002997002997, 3.28
KoNViD_1k_videos/6313200205.mp4, 8.008, 29.97002997002997, 3.78
KoNViD_1k_videos/4966446054.mp4, 8.0, 24.0, 2.26
KoNViD_1k_videos/9740517228.mp4, 8.008008, 23.976, 3.8
KoNViD_1k_videos/3863745355.mp4, 8.008, 23.976023976023978, 4.02
KoNViD_1k_videos/5902098420.mp4, 8.008, 29.97002997002997, 3.4
KoNViD_1k_videos/8483400755.mp4, 8.008, 29.97002997002997, 1.46
KoNViD_1k_videos/5579073175.mp4, 8.0, 25.0, 3.32
KoNViD_1k_videos/5756899543.mp4, 8.008, 29.97002997002997, 3.7
KoNViD_1k_videos/5831253770.mp4, 8.008, 29.97002997002997, 3.84
KoNViD_1k_videos/6492110563.mp4, 8.008, 29.97002997002997, 3.92
KoNViD_1k_videos/9709640314.mp4, 8.008008, 29.97, 4.02
KoNViD_1k_videos/5263261013.mp4, 8.008, 29.97002997002997, 2.74
KoNViD_1k_videos/6812860936.mp4, 8.008, 29.97002997002997, 2.88
KoNViD_1k_videos/8223463984.mp4, 8.008, 29.97002997002997, 2.94
KoNViD_1k_videos/4779773181.mp4, 8.0, 25.0, 4.14
KoNViD_1k_videos/12816958564.mp4, 8.0, 25.0, 2.84
KoNViD_1k_videos/5583994811.mp4, 8.008, 29.97002997002997, 3.529166667
KoNViD_1k_videos/4866613201.mp4, 8.008, 29.97002997002997, 2.2
KoNViD_1k_videos/4729578673.mp4, 8.008, 29.97002997002997, 3.28
KoNViD_1k_videos/4260295122.mp4, 8.008, 29.97002997002997, 3.32
KoNViD_1k_videos/4620516469.mp4, 8.008, 23.976023976023978, 3.52
KoNViD_1k_videos/7700672030.mp4, 8.008, 29.97002997002997, 3.3
KoNViD_1k_videos/8281263977.mp4, 8.008, 29.97002997002997, 3.14
KoNViD_1k_videos/9525693928.mp4, 8.008008, 29.97, 3.86
KoNViD_1k_videos/5858312093.mp4, 8.008, 29.97002997002997, 2.4
KoNViD_1k_videos/4136131472.mp4, 8.0, 24.0, 3.2
KoNViD_1k_videos/10521676086.mp4, 8.008008, 29.97, 2.88
KoNViD_1k_videos/5031142078.mp4, 8.0, 24.0, 2.2
KoNViD_1k_videos/12626612584.mp4, 8.008008, 29.97, 3.1
KoNViD_1k_videos/8069868772.mp4, 8.008, 29.97002997002997, 3.32
KoNViD_1k_videos/5052341075.mp4, 8.008, 23.976023976023978, 3.48
KoNViD_1k_videos/4029116553.mp4, 8.008, 23.976023976023978, 3.82
KoNViD_1k_videos/6894958520.mp4, 8.008, 29.97002997002997, 3.24
KoNViD_1k_videos/3471567822.mp4, 8.008, 29.97002997002997, 1.52
KoNViD_1k_videos/11920895013.mp4, 8.008, 29.97002997002997, 3.42
KoNViD_1k_videos/8491617830.mp4, 8.008, 23.976023976023978, 3.5
KoNViD_1k_videos/6948249567.mp4, 8.008, 29.97002997002997, 3.1
KoNViD_1k_videos/7832506570.mp4, 8.008, 29.97002997002997, 3.92
KoNViD_1k_videos/10541657773.mp4, 8.0, 24.0, 3.74
KoNViD_1k_videos/3860380907.mp4, 8.008, 29.97002997002997, 3.6
KoNViD_1k_videos/8286421427.mp4, 8.0, 25.0, 4.14
KoNViD_1k_videos/10694139655.mp4, 8.008008, 23.976, 1.82
KoNViD_1k_videos/8480588816.mp4, 8.008, 29.97002997002997, 3.74
KoNViD_1k_videos/9089204842.mp4, 8.008008, 23.976, 3.02
KoNViD_1k_videos/5412442677.mp4, 8.008, 29.97002997002997, 2.3
KoNViD_1k_videos/4465669054.mp4, 8.0, 24.0, 2.92
KoNViD_1k_videos/6059786344.mp4, 8.008, 29.97002997002997, 2.66
KoNViD_1k_videos/13286356624.mp4, 8.008, 29.97002997002997, 3.6
KoNViD_1k_videos/4842303128.mp4, 8.008, 29.97002997002997, 3.22
KoNViD_1k_videos/8455309721.mp4, 8.008, 29.97002997002997, 3.42
KoNViD_1k_videos/12020933633.mp4, 8.0, 25.0, 3.36
KoNViD_1k_videos/6149591212.mp4, 8.008, 29.97002997002997, 2.14
KoNViD_1k_videos/3710887216.mp4, 8.008, 29.97002997002997, 2.92
KoNViD_1k_videos/7385692814.mp4, 8.008, 29.97002997002997, 3.92
KoNViD_1k_videos/7341359052.mp4, 8.008, 29.97002997002997, 3.16
KoNViD_1k_videos/6913535960.mp4, 8.0, 25.0, 4.106299213
KoNViD_1k_videos/3722785424.mp4, 8.008, 29.97002997002997, 3.571428571
KoNViD_1k_videos/7029270875.mp4, 8.008, 23.976023976023978, 3.94
KoNViD_1k_videos/5115193359.mp4, 8.008, 29.97002997002997, 3.08
KoNViD_1k_videos/5115335471.mp4, 8.008, 29.97002997002997, 2.16
KoNViD_1k_videos/6324422954.mp4, 8.008, 29.97002997002997, 2.76
KoNViD_1k_videos/5029525594.mp4, 8.008, 29.97002997002997, 3.6
KoNViD_1k_videos/9060241382.mp4, 8.0, 25.0, 4.04
KoNViD_1k_videos/5266893553.mp4, 8.008, 29.97002997002997, 1.74
KoNViD_1k_videos/6864942042.mp4, 8.0, 24.0, 2.72
KoNViD_1k_videos/4867899444.mp4, 8.008, 29.97002997002997, 3.08
KoNViD_1k_videos/8005708131.mp4, 8.008, 29.97002997002997, 3.06
KoNViD_1k_videos/7556474634.mp4, 8.008, 29.97002997002997, 2.94
KoNViD_1k_videos/9480678073.mp4, 8.008008, 29.97, 4.04
KoNViD_1k_videos/8728910927.mp4, 8.0, 24.0, 2.78
KoNViD_1k_videos/4803433208.mp4, 8.008, 29.97002997002997, 3.823529412
KoNViD_1k_videos/10013374164.mp4, 8.008008, 29.97, 3.74
KoNViD_1k_videos/9095814754.mp4, 8.008008, 23.976, 3.8
KoNViD_1k_videos/5769119862.mp4, 8.008, 29.97002997002997, 3.36
KoNViD_1k_videos/9536307250.mp4, 8.008008, 29.97, 3.16
KoNViD_1k_videos/4067736860.mp4, 8.008, 29.97002997002997, 3.16
KoNViD_1k_videos/5901642116.mp4, 8.008, 29.97002997002997, 2.74
KoNViD_1k_videos/5418971855.mp4, 8.008, 29.97002997002997, 2.68
KoNViD_1k_videos/6946901845.mp4, 8.008, 29.97002997002997, 3.46
KoNViD_1k_videos/5475555707.mp4, 8.008, 29.97002997002997, 1.74
KoNViD_1k_videos/6275674780.mp4, 8.0, 24.0, 1.82
KoNViD_1k_videos/8631895364.mp4, 8.008, 29.97002997002997, 3.66
KoNViD_1k_videos/11864752706.mp4, 8.008, 29.97002997002997, 3.9
KoNViD_1k_videos/6208528782.mp4, 8.008, 29.97002997002997, 2.66
KoNViD_1k_videos/6280406572.mp4, 8.0, 24.0, 2.62
KoNViD_1k_videos/6469679863.mp4, 8.008, 29.97002997002997, 2.4
KoNViD_1k_videos/5379210063.mp4, 8.008, 29.97002997002997, 2.84
KoNViD_1k_videos/3469529939.mp4, 8.008, 29.97002997002997, 2.8
KoNViD_1k_videos/7897815844.mp4, 8.008, 29.97002997002997, 2.96
KoNViD_1k_videos/6900620920.mp4, 8.0, 24.0, 4.04
KoNViD_1k_videos/6120978816.mp4, 8.0, 24.0, 2.04
KoNViD_1k_videos/6340576433.mp4, 8.008, 29.97002997002997, 3.46
KoNViD_1k_videos/5369095478.mp4, 8.008, 29.97002997002997, 2.6
KoNViD_1k_videos/5246827285.mp4, 8.0, 24.0, 3.16
KoNViD_1k_videos/9814654176.mp4, 8.008008, 29.97, 1.94
KoNViD_1k_videos/7585780552.mp4, 8.008, 29.97002997002997, 3.52
KoNViD_1k_videos/10925288616.mp4, 8.0, 24.0, 1.46
KoNViD_1k_videos/10249998364.mp4, 7.799466, 23.976, 3.4
KoNViD_1k_videos/6300501644.mp4, 8.0, 24.0, 3.4
KoNViD_1k_videos/5688399126.mp4, 8.008, 29.97002997002997, 3.78
KoNViD_1k_videos/4472730048.mp4, 8.008, 29.97002997002997, 1.622406639
KoNViD_1k_videos/12461764004.mp4, 8.008, 23.976023976023978, 2.16
KoNViD_1k_videos/9812197286.mp4, 8.008008, 29.97, 2.88
KoNViD_1k_videos/9633321480.mp4, 8.0, 24.0, 4.08
KoNViD_1k_videos/5633788395.mp4, 8.008, 29.97002997002997, 3.04
KoNViD_1k_videos/5611452609.mp4, 8.008, 29.97002997002997, 3.38
KoNViD_1k_videos/8355599976.mp4, 8.008, 23.976023976023978, 3.62
KoNViD_1k_videos/8991258489.mp4, 8.0, 24.0, 3.86
KoNViD_1k_videos/9633125766.mp4, 8.008008, 29.97, 3.42
KoNViD_1k_videos/6242642418.mp4, 8.008, 29.97002997002997, 3.398373984
KoNViD_1k_videos/8304230962.mp4, 8.0, 24.0, 2.32
KoNViD_1k_videos/5250183455.mp4, 8.008, 29.97002997002997, 3.1
KoNViD_1k_videos/8731237129.mp4, 8.0, 24.0, 2.48
KoNViD_1k_videos/10016324794.mp4, 8.008008, 23.976, 2.96
KoNViD_1k_videos/6028497716.mp4, 8.0, 24.0, 1.48
KoNViD_1k_videos/4996677282.mp4, 8.008, 29.97002997002997, 2.56
KoNViD_1k_videos/4265470174.mp4, 8.008, 29.97002997002997, 1.56
KoNViD_1k_videos/10411421606.mp4, 8.008008, 29.97, 2.52
KoNViD_1k_videos/9195826668.mp4, 8.008008, 29.97, 3.16
KoNViD_1k_videos/10314276135.mp4, 8.008008, 29.97, 3.22
KoNViD_1k_videos/5974403907.mp4, 8.008, 23.976023976023978, 3.1
KoNViD_1k_videos/4837816091.mp4, 8.008, 23.976023976023978, 3.54
KoNViD_1k_videos/11913590004.mp4, 8.0, 24.0, 2.96
KoNViD_1k_videos/5489207006.mp4, 8.008, 29.97002997002997, 4.04
KoNViD_1k_videos/8741017589.mp4, 8.008008, 29.97, 3.676470588
KoNViD_1k_videos/4211514567.mp4, 8.0, 24.0, 2.74
KoNViD_1k_videos/3516162818.mp4, 8.008, 29.97002997002997, 3.6
KoNViD_1k_videos/5206708965.mp4, 8.0, 24.0, 3.28
KoNViD_1k_videos/10115791113.mp4, 8.008008, 29.97, 3.68
KoNViD_1k_videos/4283455837.mp4, 8.008, 29.97002997002997, 3.68
KoNViD_1k_videos/6184163826.mp4, 8.008, 29.97002997002997, 1.52
KoNViD_1k_videos/9564154386.mp4, 8.008008, 29.97, 2.1
KoNViD_1k_videos/8415984918.mp4, 8.008, 23.976023976023978, 2.38
KoNViD_1k_videos/7616950966.mp4, 8.008, 29.97002997002997, 2.66
KoNViD_1k_videos/11367153336.mp4, 8.008, 29.97002997002997, 2.7
KoNViD_1k_videos/7396603710.mp4, 8.008, 29.97002997002997, 3.64
KoNViD_1k_videos/8955950667.mp4, 8.008008, 29.97, 3.66
KoNViD_1k_videos/7066660513.mp4, 8.008, 29.97002997002997, 3.8
KoNViD_1k_videos/5307981340.mp4, 8.008, 29.97002997002997, 3.52
KoNViD_1k_videos/8182527128.mp4, 8.008, 29.97002997002997, 3.96
KoNViD_1k_videos/5329960963.mp4, 8.0, 24.0, 3.04
KoNViD_1k_videos/5564209652.mp4, 8.008, 29.97002997002997, 2.46
KoNViD_1k_videos/4088281204.mp4, 8.008, 29.97002997002997, 3.43776824
KoNViD_1k_videos/3744752110.mp4, 8.0, 24.0, 2.48
KoNViD_1k_videos/5988574543.mp4, 8.008, 29.97002997002997, 2.9
KoNViD_1k_videos/8587927758.mp4, 8.0, 24.0, 2.14
KoNViD_1k_videos/6021943274.mp4, 8.008, 23.976023976023978, 3.14
KoNViD_1k_videos/4328729913.mp4, 8.008, 29.97002997002997, 3.42
KoNViD_1k_videos/8118947664.mp4, 8.008, 29.97002997002997, 3.76
KoNViD_1k_videos/7517202292.mp4, 8.008, 29.97002997002997, 2.38
KoNViD_1k_videos/5266882983.mp4, 8.008, 29.97002997002997, 2.3
KoNViD_1k_videos/5318369391.mp4, 8.008, 29.97002997002997, 3.3
KoNViD_1k_videos/8729448612.mp4, 8.008008, 29.97, 2.7
KoNViD_1k_videos/4495254692.mp4, 7.966291999999999, 23.976023976023978, 3.9
KoNViD_1k_videos/7192436890.mp4, 8.008, 29.97002997002997, 2.78
KoNViD_1k_videos/6027407703.mp4, 8.008, 29.97002997002997, 3.68
KoNViD_1k_videos/6294328198.mp4, 8.008, 29.97002997002997, 2.52
KoNViD_1k_videos/5956265529.mp4, 8.008, 29.97002997002997, 2.04
KoNViD_1k_videos/4783174196.mp4, 8.008, 29.97002997002997, 2.7
KoNViD_1k_videos/8403451337.mp4, 8.008, 29.97002997002997, 2.78
KoNViD_1k_videos/6621826551.mp4, 8.008, 29.97002997002997, 3.42
KoNViD_1k_videos/6238991743.mp4, 8.008, 29.97002997002997, 1.68
KoNViD_1k_videos/9515797648.mp4, 8.008008, 29.97, 3.78
KoNViD_1k_videos/8152764264.mp4, 8.008, 29.97002997002997, 3.14
KoNViD_1k_videos/5455582932.mp4, 8.008, 29.97002997002997, 3.352272727
KoNViD_1k_videos/5079146602.mp4, 8.0, 24.0, 3.5
KoNViD_1k_videos/3975461732.mp4, 8.008, 29.97002997002997, 3.72
KoNViD_1k_videos/4870064087.mp4, 8.008, 29.97002997002997, 2.96
KoNViD_1k_videos/10838546955.mp4, 8.008008, 29.97, 3.0
KoNViD_1k_videos/4204485800.mp4, 8.008, 29.97002997002997, 1.72972973
KoNViD_1k_videos/3431305644.mp4, 8.0, 24.0, 3.06
KoNViD_1k_videos/9830655414.mp4, 8.008008, 29.97, 3.56
KoNViD_1k_videos/10019485755.mp4, 8.008008, 29.97, 3.7
KoNViD_1k_videos/5279319629.mp4, 8.008, 29.97002997002997, 3.88
KoNViD_1k_videos/5363205423.mp4, 8.0, 24.0, 3.36
KoNViD_1k_videos/6497857295.mp4, 8.008, 29.97002997002997, 2.38
KoNViD_1k_videos/12893008605.mp4, 8.008008, 29.97, 3.55465587
KoNViD_1k_videos/6924551254.mp4, 8.008, 29.97002997002997, 2.72
KoNViD_1k_videos/4281880002.mp4, 8.0, 24.0, 3.2
KoNViD_1k_videos/5295005655.mp4, 8.0, 24.0, 2.72
KoNViD_1k_videos/5506184490.mp4, 8.008, 29.97002997002997, 2.04
KoNViD_1k_videos/10340094005.mp4, 8.008008, 29.97, 3.32
KoNViD_1k_videos/12788630734.mp4, 8.008, 29.97002997002997, 3.26
KoNViD_1k_videos/4279268661.mp4, 8.008, 29.97002997002997, 3.86
KoNViD_1k_videos/6279406877.mp4, 8.008, 29.97002997002997, 3.5
KoNViD_1k_videos/8253260683.mp4, 8.0, 24.0, 3.08
KoNViD_1k_videos/10625504535.mp4, 8.008008, 29.97, 2.1
KoNViD_1k_videos/5754220740.mp4, 8.0, 24.0, 2.74
KoNViD_1k_videos/5360605734.mp4, 8.008, 29.97002997002997, 3.84
KoNViD_1k_videos/10931366544.mp4, 8.008, 23.976023976023978, 3.64
KoNViD_1k_videos/7520968610.mp4, 8.008, 29.97002997002997, 3.1
KoNViD_1k_videos/8459254855.mp4, 8.008, 29.97002997002997, 2.74
KoNViD_1k_videos/9369433766.mp4, 7.5492159999999995, 23.976, 1.52
KoNViD_1k_videos/6838572151.mp4, 8.0, 24.0, 2.6
KoNViD_1k_videos/5419510404.mp4, 8.0, 25.0, 2.26
KoNViD_1k_videos/8685321568.mp4, 7.5416669999999995, 24.0, 2.18
KoNViD_1k_videos/8281880253.mp4, 8.0, 24.0, 2.4
KoNViD_1k_videos/7358630018.mp4, 8.008, 23.976023976023978, 3.6
KoNViD_1k_videos/7622034108.mp4, 8.008, 29.97002997002997, 3.44
KoNViD_1k_videos/8643275693.mp4, 8.008, 29.97002997002997, 3.22
KoNViD_1k_videos/3263720175.mp4, 8.008, 23.976023976023978, 3.04
KoNViD_1k_videos/6223028206.mp4, 8.008, 29.97002997002997, 1.68
KoNViD_1k_videos/8536919744.mp4, 8.0, 24.0, 1.22
KoNViD_1k_videos/6291796040.mp4, 8.008, 29.97002997002997, 3.3
KoNViD_1k_videos/12032110574.mp4, 8.0, 25.0, 2.64
KoNViD_1k_videos/7481217984.mp4, 8.008, 29.97002997002997, 3.2
KoNViD_1k_videos/9908050493.mp4, 7.540874, 29.97, 2.96
KoNViD_1k_videos/5409101281.mp4, 8.008, 29.97002997002997, 2.54
KoNViD_1k_videos/7812985864.mp4, 8.008, 29.97002997002997, 2.76
KoNViD_1k_videos/4823416929.mp4, 8.008, 29.97002997002997, 1.98
KoNViD_1k_videos/6408210773.mp4, 8.008, 23.976023976023978, 2.92
KoNViD_1k_videos/5678628993.mp4, 8.008, 29.97002997002997, 3.567226891
KoNViD_1k_videos/5777975441.mp4, 8.008, 29.97002997002997, 2.3
KoNViD_1k_videos/5392736832.mp4, 8.0, 24.0, 2.42
KoNViD_1k_videos/12279842993.mp4, 8.008008, 29.97, 3.72
KoNViD_1k_videos/3629928686.mp4, 8.008, 29.97002997002997, 3.48
KoNViD_1k_videos/8717841410.mp4, 8.008, 29.97002997002997, 3.22
KoNViD_1k_videos/5660712402.mp4, 8.008, 29.97002997002997, 3.82
KoNViD_1k_videos/3825035703.mp4, 8.008, 29.97002997002997, 3.44
KoNViD_1k_videos/8965205906.mp4, 8.008008, 29.97, 3.6
KoNViD_1k_videos/8156543755.mp4, 8.008, 29.97002997002997, 3.14
KoNViD_1k_videos/7541374876.mp4, 8.008, 29.97002997002997, 3.38
KoNViD_1k_videos/7938991482.mp4, 8.008, 29.97002997002997, 2.52
KoNViD_1k_videos/4905336825.mp4, 8.008, 29.97002997002997, 1.828125
KoNViD_1k_videos/8921577578.mp4, 8.008008, 29.97, 3.48
KoNViD_1k_videos/6518466029.mp4, 8.0, 24.0, 3.02
KoNViD_1k_videos/6677269327.mp4, 8.008, 29.97002997002997, 3.72
KoNViD_1k_videos/7453163014.mp4, 8.0, 24.0, 3.02
KoNViD_1k_videos/5705527370.mp4, 8.008, 29.97002997002997, 3.74
KoNViD_1k_videos/9464591256.mp4, 8.008008, 23.976, 3.98
KoNViD_1k_videos/11013388203.mp4, 8.008, 23.976023976023978, 3.76
KoNViD_1k_videos/6021794037.mp4, 8.008, 29.97002997002997, 3.02
KoNViD_1k_videos/4933934170.mp4, 8.008, 29.97002997002997, 1.96
KoNViD_1k_videos/4761429801.mp4, 8.0, 24.0, 3.08
KoNViD_1k_videos/8424428827.mp4, 8.008, 29.97002997002997, 3.38
KoNViD_1k_videos/10008004183.mp4, 8.0, 25.0, 4.06
KoNViD_1k_videos/11383768246.mp4, 8.008, 29.97002997002997, 3.92
KoNViD_1k_videos/9083519636.mp4, 8.008008, 29.97, 2.86
KoNViD_1k_videos/4932309592.mp4, 8.008, 29.97002997002997, 2.94
KoNViD_1k_videos/5882410880.mp4, 8.008, 29.97002997002997, 3.52
KoNViD_1k_videos/6296962313.mp4, 8.008, 29.97002997002997, 2.64
KoNViD_1k_videos/7992241767.mp4, 8.008, 29.97002997002997, 3.64
KoNViD_1k_videos/6760172457.mp4, 8.0, 24.0, 3.24
KoNViD_1k_videos/5459565205.mp4, 7.9079, 29.97002997002997, 3.52
KoNViD_1k_videos/5260933475.mp4, 8.0, 24.0, 3.08
KoNViD_1k_videos/5147152978.mp4, 8.008, 29.97002997002997, 2.597609562
KoNViD_1k_videos/8751856572.mp4, 8.008008, 29.97, 3.9
KoNViD_1k_videos/7977126554.mp4, 8.008, 29.97002997002997, 3.96
KoNViD_1k_videos/12633847193.mp4, 8.008008, 29.97, 2.92
KoNViD_1k_videos/12704590184.mp4, 8.008, 23.976023976023978, 3.9
KoNViD_1k_videos/8195185860.mp4, 8.008, 29.97002997002997, 3.64
KoNViD_1k_videos/4526948676.mp4, 8.008, 29.97002997002997, 3.34
KoNViD_1k_videos/8953002659.mp4, 8.008008, 29.97, 3.9
KoNViD_1k_videos/9478631712.mp4, 8.008008, 29.97, 3.706349206
KoNViD_1k_videos/9382662040.mp4, 8.0, 24.0, 2.76
KoNViD_1k_videos/3763235915.mp4, 8.0, 24.0, 2.343873518
KoNViD_1k_videos/9617144245.mp4, 7.741073999999999, 29.97, 3.82
KoNViD_1k_videos/9917916796.mp4, 8.008008, 29.97, 4.04
KoNViD_1k_videos/10595581344.mp4, 8.008008, 29.97, 4.14
KoNViD_1k_videos/5479646341.mp4, 8.008, 29.97002997002997, 3.02
KoNViD_1k_videos/8331470149.mp4, 8.008, 23.976023976023978, 3.02
KoNViD_1k_videos/6320892865.mp4, 8.008, 23.976023976023978, 2.84
KoNViD_1k_videos/7287123594.mp4, 8.008, 29.97002997002997, 3.48
KoNViD_1k_videos/9659398278.mp4, 8.008008, 29.97, 3.3
KoNViD_1k_videos/5150451769.mp4, 8.0, 25.0, 1.84
KoNViD_1k_videos/8758952624.mp4, 8.008008, 29.97, 4.3
KoNViD_1k_videos/5653702857.mp4, 8.008, 29.97002997002997, 2.86
KoNViD_1k_videos/8536800170.mp4, 8.0, 24.0, 3.12
KoNViD_1k_videos/7591242800.mp4, 8.0, 25.0, 3.16
KoNViD_1k_videos/10102107193.mp4, 8.0, 25.0, 2.18
KoNViD_1k_videos/4177089041.mp4, 8.008, 29.97002997002997, 1.66
KoNViD_1k_videos/8336226077.mp4, 8.008, 29.97002997002997, 2.08
KoNViD_1k_videos/6333567508.mp4, 8.008, 29.97002997002997, 3.18
KoNViD_1k_videos/3591184129.mp4, 8.008, 29.97002997002997, 2.58
KoNViD_1k_videos/8195899669.mp4, 8.008, 29.97002997002997, 2.06
KoNViD_1k_videos/5101801222.mp4, 8.008, 29.97002997002997, 3.32
KoNViD_1k_videos/8039435442.mp4, 8.008, 29.97002997002997, 3.1
KoNViD_1k_videos/6629527951.mp4, 8.0, 24.0, 2.25498008
KoNViD_1k_videos/8610122536.mp4, 8.008, 29.97002997002997, 3.58
KoNViD_1k_videos/4773686738.mp4, 8.008, 29.97002997002997, 2.32
KoNViD_1k_videos/6661657005.mp4, 8.008, 29.97002997002997, 1.9
KoNViD_1k_videos/9726323401.mp4, 8.008008, 29.97, 3.272
KoNViD_1k_videos/6273360207.mp4, 8.008, 29.97002997002997, 3.2
KoNViD_1k_videos/7057951213.mp4, 8.008, 29.97002997002997, 3.54
KoNViD_1k_videos/6849313907.mp4, 8.008, 29.97002997002997, 3.48
KoNViD_1k_videos/8663100289.mp4, 8.0, 24.0, 2.034883721
KoNViD_1k_videos/8583146942.mp4, 8.008, 29.97002997002997, 2.54
KoNViD_1k_videos/9651230522.mp4, 8.008008, 29.97, 2.56
KoNViD_1k_videos/8918155991.mp4, 8.008008, 29.97, 3.46
KoNViD_1k_videos/8587203405.mp4, 8.008, 29.97002997002997, 3.54
KoNViD_1k_videos/5941263615.mp4, 8.0, 25.0, 3.54
KoNViD_1k_videos/4850105788.mp4, 8.008, 29.97002997002997, 3.06
KoNViD_1k_videos/12099271596.mp4, 8.0, 24.0, 2.4
KoNViD_1k_videos/6625655725.mp4, 8.008, 29.97002997002997, 3.62
KoNViD_1k_videos/5133219451.mp4, 7.708333, 24.0, 2.32
KoNViD_1k_videos/7734422826.mp4, 8.008, 29.97002997002997, 2.82
KoNViD_1k_videos/5134417428.mp4, 8.008, 29.97002997002997, 2.26
KoNViD_1k_videos/8487362151.mp4, 8.008, 29.97002997002997, 3.54
KoNViD_1k_videos/4956521693.mp4, 8.008, 29.97002997002997, 2.8
KoNViD_1k_videos/9725289895.mp4, 8.008008, 29.97, 3.58
KoNViD_1k_videos/6157684615.mp4, 8.008, 29.97002997002997, 3.36
KoNViD_1k_videos/8527434285.mp4, 8.008, 29.97002997002997, 2.02
KoNViD_1k_videos/3583315023.mp4, 8.0, 24.0, 2.84
KoNViD_1k_videos/4801224837.mp4, 8.0, 24.0, 3.46
KoNViD_1k_videos/5739175520.mp4, 8.008, 29.97002997002997, 3.68
KoNViD_1k_videos/4775312025.mp4, 8.008, 29.97002997002997, 2.08
KoNViD_1k_videos/12186470506.mp4, 8.008, 29.97002997002997, 2.9
KoNViD_1k_videos/8616015387.mp4, 8.008, 29.97002997002997, 3.54
KoNViD_1k_videos/6096558457.mp4, 8.008, 29.97002997002997, 2.6
KoNViD_1k_videos/8331282929.mp4, 8.008, 23.976023976023978, 3.76
KoNViD_1k_videos/4733600732.mp4, 8.008, 29.97002997002997, 3.48
KoNViD_1k_videos/6381011947.mp4, 8.008, 29.97002997002997, 3.26
KoNViD_1k_videos/5170915466.mp4, 8.008, 29.97002997002997, 2.88
KoNViD_1k_videos/7644822866.mp4, 8.008, 29.97002997002997, 3.78
KoNViD_1k_videos/8604343265.mp4, 8.008, 23.976023976023978, 2.54
KoNViD_1k_videos/5273433233.mp4, 8.008, 29.97002997002997, 3.48
KoNViD_1k_videos/3627681183.mp4, 8.008, 29.97002997002997, 3.44
KoNViD_1k_videos/5815295661.mp4, 8.008, 29.97002997002997, 3.06
KoNViD_1k_videos/6015938306.mp4, 8.008, 29.97002997002997, 2.5
KoNViD_1k_videos/7848940332.mp4, 8.008, 29.97002997002997, 1.86
KoNViD_1k_videos/12330492194.mp4, 8.008008, 29.97, 3.26
KoNViD_1k_videos/5914289359.mp4, 8.008, 29.97002997002997, 3.56
KoNViD_1k_videos/3861648412.mp4, 8.0, 24.0, 2.68
KoNViD_1k_videos/5553355582.mp4, 8.008, 29.97002997002997, 2.22
KoNViD_1k_videos/6210381577.mp4, 8.0, 24.0, 3.22
KoNViD_1k_videos/11469243925.mp4, 8.008008, 29.97, 2.28
KoNViD_1k_videos/11944451643.mp4, 8.008, 29.97002997002997, 3.16
KoNViD_1k_videos/5014400375.mp4, 8.008, 29.97002997002997, 2.28
KoNViD_1k_videos/8724380666.mp4, 8.008, 29.97002997002997, 1.4
KoNViD_1k_videos/8541047953.mp4, 8.008, 29.97002997002997, 3.28
